10 -1309056.976201
10 -1308676.607424
10 -1310016.884049
10 -1310359.083812
10 -1309992.986681
10 -1310811.415412
10 -1309377.008685
10 -1310438.157145
10 -1312118.604389
10 -1309479.702623
11 -1303745.84382
11 -1302115.684185
11 -1304790.948375
11 -1302951.380754
11 -1303064.943925
11 -1303563.037987
11 -1303817.711035
11 -1305170.042342
11 -1305147.555233
11 -1303099.402055
1 -1543112.384185
1 -1543112.384185
1 -1543112.384185
1 -1543112.384185
1 -1543112.384185
1 -1543112.384185
1 -1543112.384185
1 -1543112.384185
1 -1543112.384185
1 -1543112.384185
2 -1426668.858477
2 -1426668.830165
2 -1426668.840551
2 -1426668.848497
2 -1426668.853166
2 -1426668.831914
2 -1426668.8555
2 -1426668.849919
2 -1426668.809383
2 -1426668.784434
3 -1394160.431006
3 -1394160.252911
3 -1394160.378887
3 -1405816.98561
3 -1394160.404755
3 -1405816.936456
3 -1394160.397346
3 -1394160.450569
3 -1394160.41302
3 -1394160.417974
4 -1373387.68227
4 -1374757.373501
4 -1374351.552833
4 -1373387.667991
4 -1374757.431189
4 -1373935.803808
4 -1373935.87912
4 -1373387.68475
4 -1374757.42794
4 -1373387.704082
5 -1354599.958317
5 -1353240.810729
5 -1353241.394939
5 -1354600.045272
5 -1353240.82091
5 -1353240.787064
5 -1354600.040789
5 -1354600.071774
5 -1354581.826941
5 -1354599.959038
6 -1334434.707055
6 -1334434.571528
6 -1334434.547841
6 -1334434.525018
6 -1334434.594996
6 -1334434.559314
6 -1334434.534425
6 -1334434.542953
6 -1334434.517365
6 -1334434.556833
7 -1328245.118209
7 -1327408.954259
7 -1329018.807809
7 -1328920.520654
7 -1327659.358654
7 -1328364.569386
7 -1327659.554071
7 -1328922.006374
7 -1328453.491408
7 -1329021.192492
8 -1323599.980942
8 -1321899.353684
8 -1322916.574104
8 -1322136.800411
8 -1321525.716861
8 -1321829.21477
8 -1323414.550387
8 -1322892.092258
8 -1322762.042215
8 -1321272.79709
9 -1316046.443355
9 -1316138.578245
9 -1317421.035919
9 -1317244.107242
9 -1317301.613963
9 -1316121.577959
9 -1314931.350152
9 -1314433.447239
9 -1316386.828461
9 -1316257.446083
