100
101RE
101
102RE
103RE
103
104
105
106RE
107
108
109RE
10
110
111RE
112
113
114
115
116
117
118
119
120
121
122RE
122
123
124RE
124
125
126
127
128RE
128
129
12
130
131
132
133
134
135
136
137
138
139
13
140
141
142
143
144
145
146
147
148RE
149
14RE
150RE
150
151RE
152
153
154
155
156RE
156
157
158
159-2
159-3
159
15
160
161
162
163
164
165
166
167
168
169
16
170
171-2
171-3
171
172RE
172
173RE
173
174
175
176
177
178
179
17
180
181
182
183RE
183
184
185
186
187
188RE
188
189
18
190
191
192
193
194
195
196
198RE
199
19
200
201
202RE
205
208
209
20
211
212
214
216
217
218
219
21
220
221
222
223
224RE
225
226
227
228
229
22
230
231
232
233
234
235
236
237
23
24
26
27
28
29RE
29
2
30RE
31RE
31
32RE
33
34
36
37
38RE
39RE
40
41
42
44
45RE
45
46
47RE
48RE
49
4RE
50
52
53RE
54RE
55
56RE
5
60
61RE
61
62RE
62
63RE
63
64RE
64
65
66
67
68
69
6RE
6
70
71
72
73
74
75
76RE
76
77
78RE
79
7RE
80RE
80
82
84
85
86RE
86
87
88RE
89
8
90
91
9-2
92
93RE
9-3
93
94RE
94
95
96
97RE
98
99
9
fk13_AGGG
fk13_GCGT
fk13_TCCG
fk21_AGGG
fk21_TCCG
fk5_AGGG
fk5_GGGT
fk6_ACAA
fk6_ACCG
fk6_GCCA
