10 -1313847.962198
10 -1310625.407969
10 -1312314.865266
10 -1311192.393979
10 -1312626.610378
10 -1311021.331743
10 -1312156.576588
10 -1310843.613556
10 -1312319.045458
10 -1312311.860713
11 -1306885.602782
11 -1307049.623311
11 -1306662.636937
11 -1306711.195085
11 -1307256.575499
11 -1305379.007897
11 -1306748.648368
11 -1306207.053107
11 -1305723.758614
11 -1307388.90708
1 -1545484.826915
1 -1545484.826915
1 -1545484.826915
1 -1545484.826915
1 -1545484.826915
1 -1545484.826915
1 -1545484.826915
1 -1545484.826915
1 -1545484.826915
1 -1545484.826915
2 -1428819.820564
2 -1428819.847212
2 -1428819.833185
2 -1428819.814488
2 -1428819.82882
2 -1428819.845775
2 -1428819.847448
2 -1428819.84005
2 -1428819.820027
2 -1428819.848918
3 -1396277.590127
3 -1407921.65219
3 -1407921.599102
3 -1407921.621755
3 -1396277.612324
3 -1407921.64994
3 -1396277.785763
3 -1407921.571521
3 -1396277.689535
3 -1396277.632591
4 -1376872.900864
4 -1375464.212359
4 -1376872.950417
4 -1375464.223297
4 -1376006.28518
4 -1375464.206249
4 -1375464.206249
4 -1375464.177579
4 -1375464.176391
4 -1375464.253765
5 -1355267.823444
5 -1355267.840514
5 -1356665.455287
5 -1356665.412594
5 -1355267.857118
5 -1355267.877749
5 -1355267.82395
5 -1356665.363618
5 -1355267.863225
5 -1355267.823444
6 -1336450.73674
6 -1336450.709343
6 -1336450.683876
6 -1336450.890453
6 -1336450.702251
6 -1336450.694621
6 -1336450.683565
6 -1336450.72726
6 -1336450.739394
6 -1336450.707244
7 -1330407.018176
7 -1329668.371985
7 -1329416.864257
7 -1330334.902531
7 -1329416.904392
7 -1329668.662333
7 -1330509.153282
7 -1330999.255983
7 -1329514.152243
7 -1330917.104904
8 -1323688.085816
8 -1324873.588638
8 -1324822.019198
8 -1323886.028054
8 -1323346.239285
8 -1323983.776265
8 -1325583.221144
8 -1322528.505947
8 -1323335.052822
8 -1324205.201719
9 -1316485.496395
9 -1318395.423413
9 -1317544.171447
9 -1318630.885088
9 -1316424.407566
9 -1316748.097561
9 -1317530.229222
9 -1318115.673861
9 -1317852.534267
9 -1319133.090368
