sample	sitesH	sitesA	sitesB	sitesC	sitesD	countH	countA	countB	countC	countD	fracZ	fracA	fracB	fracC	fracD
10.trim.bt2.sam	333	0	2	5798	2	12263	0	7	10442	7	0.46023	0	0.001	0.999	0.001
100.trim.bt2.sam	221	0	1	2613	1	3037	0	1	3477	1	0.53392	0	0	0.999	0
101.trim.bt2.sam	253	1	2	9036	2	4915	1	14	26254	13	0.84245	0	0.001	0.999	0
102.trim.bt2.sam	239	1	2	3439	2	3718	1	2	4974	4	0.57259	0	0	0.999	0.001
103.trim.bt2.sam	194	0	1	1645	0	1839	0	1	2018	0	0.52333	0	0	1	0
104.trim.bt2.sam	184	0	0	600	0	1526	0	0	637	0	0.2945	0	0	1	0
105.trim.bt2.sam	196	0	1	1815	2	1704	0	1	2099	2	0.55229	0	0	0.999	0.001
106.trim.bt2.sam	182	1	0	822	0	1744	1	0	889	0	0.33789	0.001	0	0.999	0
107.trim.bt2.sam	182	0	0	929	0	979	0	0	1017	0	0.50952	0	0	1	0
108.trim.bt2.sam	224	0	3	3021	2	3640	0	5	4131	3	0.53207	0	0.001	0.998	0.001
109.trim.bt2.sam	218	0	17	2950	2	3246	0	17	4121	4	0.56064	0	0.004	0.995	0.001
110.trim.bt2.sam	167	0	0	479	1	1002	0	0	502	1	0.33422	0	0	0.998	0.002
111.trim.bt2.sam	187	0	2	6405	3	1837	0	3	11972	11	0.86711	0	0	0.999	0.001
112.trim.bt2.sam	158	0	0	444	2	889	0	0	472	2	0.34776	0	0	0.996	0.004
113.trim.bt2.sam	246	0	1	1959	3	4472	0	1	2342	6	0.34438	0	0	0.997	0.003
114.trim.bt2.sam	96	0	0	39	0	239	0	0	39	0	0.14029	0	0	1	0
115.trim.bt2.sam	153	1	1	463	1	758	2	1	480	1	0.38969	0.004	0.002	0.992	0.002
116.trim.bt2.sam	331	0	11	5739	3	11611	0	12	10144	7	0.46675	0	0.001	0.998	0.001
117.trim.bt2.sam	91	0	0	68	0	198	0	0	69	0	0.25843	0	0	1	0
118.trim.bt2.sam	252	0	4	5758	3	5161	0	5	10809	7	0.67707	0	0	0.999	0.001
119.trim.bt2.sam	191	0	2	2490	1	2136	0	2	3179	1	0.59835	0	0.001	0.999	0
12.trim.bt2.sam	291	2	6	3215	1	7043	2	8	4174	2	0.37278	0	0.002	0.997	0
120.trim.bt2.sam	235	0	0	2624	0	3991	0	0	3383	0	0.45877	0	0	1	0
121.trim.bt2.sam	156	0	0	338	0	791	0	0	353	0	0.30857	0	0	1	0
122.trim.bt2.sam	207	0	4	4818	3	2725	0	5	7540	8	0.73487	0	0.001	0.998	0.001
123.trim.bt2.sam	64	0	0	27	0	119	0	0	27	0	0.18493	0	0	1	0
124.trim.bt2.sam	261	1	7	5116	2	4822	1	7	9016	8	0.65194	0	0.001	0.998	0.001
125.trim.bt2.sam	190	0	2	1176	1	2005	0	3	1422	2	0.41579	0	0.002	0.996	0.001
126.trim.bt2.sam	212	0	0	2430	2	2280	0	0	3058	2	0.57303	0	0	0.999	0.001
127.trim.bt2.sam	226	0	1	1303	1	2966	0	1	1491	1	0.33483	0	0.001	0.999	0.001
128.trim.bt2.sam	189	0	1	1976	1	1939	0	1	2666	1	0.57912	0	0	0.999	0
129.trim.bt2.sam	212	0	1	1222	1	2049	0	1	1452	3	0.41541	0	0.001	0.997	0.002
13.trim.bt2.sam	247	2	1	1213	1	5604	2	1	1465	1	0.20769	0.001	0.001	0.997	0.001
130.trim.bt2.sam	177	0	0	685	1	927	0	0	758	1	0.45018	0	0	0.999	0.001
131.trim.bt2.sam	155	0	0	308	1	596	0	0	316	1	0.34721	0	0	0.997	0.003
132.trim.bt2.sam	240	0	1	1783	1	3076	0	1	2270	1	0.42483	0	0	0.999	0
133.trim.bt2.sam	229	0	1	1300	0	2964	0	1	1745	0	0.3707	0	0.001	0.999	0
134.trim.bt2.sam	232	0	2	4660	2	3589	0	6	7909	4	0.68813	0	0.001	0.999	0.001
135.trim.bt2.sam	206	1	2	1593	1	1916	3	3	1956	1	0.50606	0.002	0.002	0.996	0.001
136.trim.bt2.sam	195	0	0	910	1	1382	0	0	1012	2	0.42321	0	0	0.998	0.002
137.trim.bt2.sam	215	1	1	1813	1	2659	1	1	2244	2	0.45812	0	0	0.998	0.001
138.trim.bt2.sam	205	1	1	1966	2	2427	1	1	2560	2	0.51372	0	0	0.998	0.001
139.trim.bt2.sam	197	0	0	2326	2	1514	0	0	3002	2	0.6649	0	0	0.999	0.001
14.trim.bt2.sam	242	0	1	4920	3	4738	0	4	8580	11	0.64464	0	0	0.998	0.001
140.trim.bt2.sam	397	0	2	8967	4	15389	0	16	32522	23	0.67906	0	0	0.999	0.001
141.trim.bt2.sam	235	1	1	5193	2	4624	1	2	10245	7	0.68923	0	0	0.999	0.001
142.trim.bt2.sam	135	1	0	263	1	429	1	0	274	1	0.39149	0.004	0	0.993	0.004
143.trim.bt2.sam	291	6	3	5776	3	6683	6	7	11798	11	0.63885	0.001	0.001	0.998	0.001
144.trim.bt2.sam	261	1	3	5034	2	4469	1	6	9215	2	0.67363	0	0.001	0.999	0
145.trim.bt2.sam	184	0	2	1733	1	1552	0	3	2247	2	0.59201	0	0.001	0.998	0.001
146.trim.bt2.sam	161	0	0	670	1	726	0	0	738	1	0.50444	0	0	0.999	0.001
147.trim.bt2.sam	127	0	0	570	0	454	0	0	613	0	0.57451	0	0	1	0
148.trim.bt2.sam	272	2	4	4811	3	5216	2	6	9481	5	0.64541	0	0.001	0.999	0.001
149.trim.bt2.sam	227	0	1	2535	2	3395	0	1	3569	5	0.51291	0	0	0.998	0.001
15.trim.bt2.sam	210	0	1	2592	2	3208	0	1	3383	2	0.5135	0	0	0.999	0.001
150.trim.bt2.sam	275	0	2	5314	2	5780	0	4	10886	5	0.65337	0	0	0.999	0
151.trim.bt2.sam	237	0	2	6599	4	4079	0	3	16019	18	0.79726	0	0	0.999	0.001
152.trim.bt2.sam	239	1	0	1790	1	3201	1	0	2263	1	0.41438	0	0	0.999	0
153.trim.bt2.sam	68	0	0	119	1	124	0	0	120	1	0.49388	0	0	0.992	0.008
154.trim.bt2.sam	179	1	1	2127	2	1636	3	1	2940	2	0.64295	0.001	0	0.998	0.001
155.trim.bt2.sam	173	0	0	494	0	1072	0	0	548	0	0.33827	0	0	1	0
156.trim.bt2.sam	182	0	0	1456	3	2081	0	0	1727	5	0.45424	0	0	0.997	0.003
157.trim.bt2.sam	272	0	4	10512	3	6038	0	17	48163	26	0.88869	0	0	0.999	0.001
158.trim.bt2.sam	245	1	1	6003	3	4299	1	3	12032	4	0.73689	0	0	0.999	0
159-1.trim.bt2.sam	251	0	2	5916	30	3721	0	8	13484	37	0.78429	0	0.001	0.997	0.003
159-2.trim.bt2.sam	214	0	2	5249	18	1976	0	4	9751	21	0.83186	0	0	0.997	0.002
159-3.trim.bt2.sam	221	0	3	5072	34	3629	0	7	10674	38	0.74707	0	0.001	0.996	0.004
16.trim.bt2.sam	262	0	3	2160	1	5728	0	3	2894	1	0.33596	0	0.001	0.999	0
160.trim.bt2.sam	245	0	2	6391	3	3546	0	3	14522	6	0.80384	0	0	0.999	0
161.trim.bt2.sam	223	0	2	5075	2	2531	0	2	7640	3	0.75128	0	0	0.999	0
162.trim.bt2.sam	260	0	3	4508	1	4523	0	4	6958	3	0.60628	0	0.001	0.999	0
163.trim.bt2.sam	144	0	1	587	0	443	0	1	620	0	0.58365	0	0.002	0.998	0
164.trim.bt2.sam	366	0	9	12747	63	13376	0	47	101291	113	0.88351	0	0	0.998	0.001
165.trim.bt2.sam	275	2	3	8411	4	4640	2	10	26388	23	0.85063	0	0	0.999	0.001
166.trim.bt2.sam	271	0	4	4944	2	6451	0	7	8214	5	0.56047	0	0.001	0.999	0.001
167.trim.bt2.sam	245	1	0	2678	2	4683	1	0	3363	2	0.41819	0	0	0.999	0.001
168.trim.bt2.sam	231	1	3	4767	2	3978	1	7	8122	6	0.67162	0	0.001	0.998	0.001
169.trim.bt2.sam	250	1	1	1717	3	5155	1	1	2041	3	0.28413	0	0	0.998	0.001
17.trim.bt2.sam	178	0	2	641	0	983	0	2	693	0	0.41418	0	0.003	0.997	0
170.trim.bt2.sam	245	3	1	1382	1	5234	53	1	1730	1	0.25431	0.03	0.001	0.969	0.001
171-1.trim.bt2.sam	225	0	3	2517	1	2827	0	3	3268	1	0.53648	0	0.001	0.999	0
171-2.trim.bt2.sam	199	0	2	2866	1	1749	0	2	3664	1	0.67707	0	0.001	0.999	0
171-3.trim.bt2.sam	261	0	2	3469	2	5577	0	2	5026	2	0.47422	0	0	0.999	0
172.trim.bt2.sam	276	0	6	3559	2	6415	0	6	5154	2	0.44588	0	0.001	0.998	0
173.trim.bt2.sam	227	0	15	4705	2	2976	0	16	7916	4	0.72727	0	0.002	0.997	0.001
174.trim.bt2.sam	228	0	3	5962	2	3808	0	5	10802	8	0.73959	0	0	0.999	0.001
175.trim.bt2.sam	293	1	2	2356	1	7865	1	2	3083	2	0.28193	0	0.001	0.998	0.001
176.trim.bt2.sam	289	2	11	6976	3	6883	2	12	14606	11	0.68007	0	0.001	0.998	0.001
177.trim.bt2.sam	249	0	12	3589	2	4431	0	15	5274	3	0.54428	0	0.003	0.997	0.001
178.trim.bt2.sam	238	0	1	5018	2	3424	0	1	8176	10	0.70511	0	0	0.999	0.001
179.trim.bt2.sam	172	0	0	891	1	1066	0	0	969	2	0.47668	0	0	0.998	0.002
18.trim.bt2.sam	80	0	0	67	0	132	0	0	67	0	0.33668	0	0	1	0
180.trim.bt2.sam	258	1	11	7173	2	5302	1	20	19320	16	0.78499	0	0.001	0.998	0.001
181.trim.bt2.sam	254	1	4	7583	4	4543	3	8	19183	16	0.80874	0	0	0.999	0.001
182.trim.bt2.sam	222	2	6	4499	2	3111	2	8	7981	4	0.71988	0	0.001	0.998	0.001
183.trim.bt2.sam	234	1	1	3967	2	3703	2	1	5960	3	0.61702	0	0	0.999	0.001
184.trim.bt2.sam	309	1	9	10583	4	7573	2	17	40409	29	0.84233	0	0	0.999	0.001
185.trim.bt2.sam	227	0	0	980	0	2950	0	0	1102	0	0.27196	0	0	1	0
186.trim.bt2.sam	215	2	3	1695	1	2203	2	3	2220	1	0.5026	0.001	0.001	0.997	0
187.trim.bt2.sam	226	0	3	3500	2	2630	0	4	5015	2	0.65625	0	0.001	0.999	0
188.trim.bt2.sam	347	0	14	7862	2	13136	0	19	22199	11	0.62856	0	0.001	0.999	0
189.trim.bt2.sam	276	4	2	6705	4	6157	5	9	15069	9	0.71025	0	0.001	0.998	0.001
19.trim.bt2.sam	301	1	0	3547	2	8818	1	0	5267	2	0.37408	0	0	0.999	0
190.trim.bt2.sam	272	0	2	5734	2	5992	0	4	10840	4	0.64418	0	0	0.999	0
191.trim.bt2.sam	287	0	5	8166	2	7618	0	23	23621	21	0.75648	0	0.001	0.998	0.001
192.trim.bt2.sam	292	0	5	6316	2	8748	0	9	12242	11	0.58363	0	0.001	0.998	0.001
193.trim.bt2.sam	71	0	1	509	1	149	0	1	550	1	0.78745	0	0.002	0.996	0.002
194.trim.bt2.sam	79	0	0	1110	0	168	0	0	1251	0	0.88161	0	0	1	0
195.trim.bt2.sam	119	0	1	1957	1	383	0	1	2493	1	0.86692	0	0	0.999	0
196.trim.bt2.sam	143	0	0	2626	1	669	0	0	3590	3	0.84303	0	0	0.999	0.001
198.trim.bt2.sam	318	0	3	4026	4	8764	0	3	6748	6	0.43535	0	0	0.999	0.001
199.trim.bt2.sam	78	0	0	1415	0	178	0	0	1649	0	0.90257	0	0	1	0
2.trim.bt2.sam	82	0	0	77	0	149	0	0	78	0	0.34361	0	0	1	0
20.trim.bt2.sam	173	0	0	240	1	770	0	0	248	1	0.24436	0	0	0.996	0.004
200.trim.bt2.sam	69	0	0	234	0	161	0	0	246	0	0.60442	0	0	1	0
201.trim.bt2.sam	78	0	1	79	0	128	0	1	81	0	0.39048	0	0.012	0.988	0
202.trim.bt2.sam	373	0	4	5362	2	10540	0	8	9995	7	0.4871	0	0.001	0.999	0.001
205.trim.bt2.sam	53	0	0	64	0	76	0	0	65	0	0.46099	0	0	1	0
208.trim.bt2.sam	107	0	0	517	0	285	0	0	557	0	0.66152	0	0	1	0
209.trim.bt2.sam	98	0	0	122	0	211	0	0	126	0	0.37389	0	0	1	0
21.trim.bt2.sam	147	0	0	252	1	572	0	0	272	1	0.32308	0	0	0.996	0.004
211.trim.bt2.sam	100	1	0	327	0	347	1	0	343	0	0.49783	0.003	0	0.997	0
212.trim.bt2.sam	102	0	0	529	0	274	0	0	573	0	0.67651	0	0	1	0
214.trim.bt2.sam	152	0	0	819	0	486	0	0	915	0	0.6531	0	0	1	0
216.trim.bt2.sam	111	0	0	52	0	259	0	0	52	0	0.1672	0	0	1	0
217.trim.bt2.sam	184	1	0	1114	1	1729	1	0	1259	1	0.42174	0.001	0	0.998	0.001
218.trim.bt2.sam	151	0	0	537	1	821	0	0	565	1	0.40807	0	0	0.998	0.002
219.trim.bt2.sam	199	0	0	1147	1	2224	0	0	1282	1	0.36584	0	0	0.999	0.001
22.trim.bt2.sam	504	0	5	11411	3	23532	0	37	76591	33	0.76513	0	0	0.999	0
220.trim.bt2.sam	212	0	1	1554	0	2623	0	2	1781	0	0.40468	0	0.001	0.999	0
221.trim.bt2.sam	151	0	0	491	0	771	0	0	552	0	0.41723	0	0	1	0
222.trim.bt2.sam	115	0	22	526	1	403	0	22	551	2	0.58793	0	0.038	0.958	0.003
223.trim.bt2.sam	157	0	1	1239	0	777	0	1	1347	0	0.63435	0	0.001	0.999	0
224.trim.bt2.sam	196	0	1	4143	1	2443	0	1	7267	2	0.74848	0	0	1	0
225.trim.bt2.sam	208	0	3	4029	2	2836	0	6	6793	5	0.70581	0	0.001	0.998	0.001
226.trim.bt2.sam	161	0	1	1396	1	1082	0	1	1648	1	0.60395	0	0.001	0.999	0.001
227.trim.bt2.sam	216	0	2	2036	1	2490	0	2	2655	1	0.51632	0	0.001	0.999	0
228.trim.bt2.sam	241	0	1	2075	0	3607	0	1	2659	0	0.42445	0	0	1	0
229.trim.bt2.sam	206	0	0	2225	0	2141	0	0	2770	0	0.56404	0	0	1	0
23.trim.bt2.sam	120	0	1	106	0	265	0	1	107	0	0.28954	0	0.009	0.991	0
230.trim.bt2.sam	229	0	3	3021	2	2714	0	3	3940	5	0.59261	0	0.001	0.998	0.001
231.trim.bt2.sam	201	0	2	3467	2	1739	0	4	4872	3	0.73723	0	0.001	0.999	0.001
232.trim.bt2.sam	183	1	2	3174	2	1834	1	4	4143	2	0.69352	0	0.001	0.998	0
233.trim.bt2.sam	186	0	0	1409	1	2034	0	0	1755	3	0.46361	0	0	0.998	0.002
234.trim.bt2.sam	239	0	29	5109	2	4396	0	29	8604	6	0.66275	0	0.003	0.996	0.001
235.trim.bt2.sam	286	0	3	7401	4	8518	0	10	15302	11	0.64272	0	0.001	0.999	0.001
236.trim.bt2.sam	299	0	3	4455	2	6835	0	5	7536	3	0.52465	0	0.001	0.999	0
237.trim.bt2.sam	253	0	3	5155	2	5960	0	4	8882	6	0.59871	0	0	0.999	0.001
24.trim.bt2.sam	438	0	2	2775	2	17182	0	2	3976	3	0.18811	0	0.001	0.999	0.001
26.trim.bt2.sam	155	0	0	532	0	1165	0	0	565	0	0.32659	0	0	1	0
27.trim.bt2.sam	204	0	1	1338	1	3789	0	1	1583	1	0.29494	0	0.001	0.999	0.001
28.trim.bt2.sam	215	0	0	562	0	2713	0	0	610	0	0.18357	0	0	1	0
29.trim.bt2.sam	256	1	1	3626	3	5588	1	2	5196	7	0.4823	0	0	0.998	0.001
30.trim.bt2.sam	260	0	2	6259	3	5378	0	6	12699	8	0.70273	0	0	0.999	0.001
31.trim.bt2.sam	241	0	2	2251	2	3918	0	4	2718	2	0.41012	0	0.001	0.998	0.001
32.trim.bt2.sam	219	0	2	1641	0	3214	0	2	1920	0	0.37422	0	0.001	0.999	0
33.trim.bt2.sam	194	0	3	1008	2	1736	0	3	1122	2	0.39364	0	0.003	0.996	0.002
34.trim.bt2.sam	132	0	0	117	0	523	0	0	118	0	0.18409	0	0	1	0
36.trim.bt2.sam	97	0	0	58	0	272	0	0	59	0	0.17825	0	0	1	0
37.trim.bt2.sam	160	0	0	694	0	1132	0	0	768	0	0.40421	0	0	1	0
38.trim.bt2.sam	193	0	2	5017	2	1677	0	5	7752	5	0.82233	0	0.001	0.999	0.001
39.trim.bt2.sam	144	0	1	407	0	1087	0	1	426	0	0.28203	0	0.002	0.998	0
4.trim.bt2.sam	221	0	5	2162	2	3342	0	5	2666	2	0.44439	0	0.002	0.997	0.001
40.trim.bt2.sam	73	0	0	101	0	191	0	0	105	0	0.35473	0	0	1	0
41.trim.bt2.sam	256	0	1	1715	1	5936	0	3	2161	3	0.26743	0	0.001	0.997	0.001
42.trim.bt2.sam	309	0	2	7886	3	9328	0	7	18454	7	0.66441	0	0	0.999	0
44.trim.bt2.sam	215	1	6	2965	2	3860	1	6	4176	3	0.52026	0	0.001	0.998	0.001
45.trim.bt2.sam	231	0	2	2788	1	2939	0	3	3508	1	0.54441	0	0.001	0.999	0
46.trim.bt2.sam	230	0	0	1754	1	4364	0	0	2260	1	0.34128	0	0	1	0
47.trim.bt2.sam	200	0	2	2178	3	2588	0	3	2708	3	0.51188	0	0.001	0.998	0.001
48.trim.bt2.sam	247	1	3	5653	2	4499	1	6	10021	9	0.69049	0	0.001	0.998	0.001
49.trim.bt2.sam	117	0	0	104	0	352	0	0	106	0	0.23144	0	0	1	0
5.trim.bt2.sam	277	0	2	6892	4	7095	0	6	14789	13	0.67607	0	0	0.999	0.001
50.trim.bt2.sam	281	0	2	3912	2	7053	0	2	5832	4	0.45287	0	0	0.999	0.001
52.trim.bt2.sam	234	1	0	3230	1	3802	1	0	4521	1	0.5433	0	0	1	0
53.trim.bt2.sam	192	0	0	3581	3	2275	0	0	4882	5	0.68235	0	0	0.999	0.001
54.trim.bt2.sam	237	0	2	3852	3	3227	0	4	5733	12	0.64049	0	0.001	0.997	0.002
55.trim.bt2.sam	208	0	1	2649	1	3784	0	1	3896	4	0.50761	0	0	0.999	0.001
56.trim.bt2.sam	209	0	0	3083	2	2893	0	0	4117	2	0.58742	0	0	1	0
6.trim.bt2.sam	225	0	2	2818	1	3294	0	2	3744	1	0.53217	0	0.001	0.999	0
60.trim.bt2.sam	295	0	1	3287	2	7381	0	1	4573	2	0.3827	0	0	0.999	0
61.trim.bt2.sam	239	0	4	3264	2	3597	0	4	4607	6	0.56209	0	0.001	0.998	0.001
62.trim.bt2.sam	235	1	1	2769	1	4635	2	1	3508	1	0.43108	0.001	0	0.999	0
63.trim.bt2.sam	234	0	0	2040	3	3686	0	0	2470	4	0.40162	0	0	0.998	0.002
64.trim.bt2.sam	266	2	3	7862	4	5328	3	15	19037	11	0.78159	0	0.001	0.998	0.001
65.trim.bt2.sam	150	0	0	400	0	654	0	0	421	0	0.39163	0	0	1	0
66.trim.bt2.sam	92	0	0	117	0	153	0	0	122	0	0.44364	0	0	1	0
67.trim.bt2.sam	282	0	5	1577	0	7755	0	5	1904	0	0.19754	0	0.003	0.997	0
68.trim.bt2.sam	193	0	3	3070	1	1850	0	3	4154	2	0.69213	0	0.001	0.999	0
69.trim.bt2.sam	221	0	0	469	0	3473	0	0	496	0	0.12497	0	0	1	0
7.trim.bt2.sam	257	0	1	3832	3	3941	0	1	5680	7	0.59072	0	0	0.999	0.001
70.trim.bt2.sam	299	0	1	5812	4	7475	0	2	11170	9	0.59932	0	0	0.999	0.001
71.trim.bt2.sam	288	1	1	4887	3	7732	1	1	8663	6	0.52862	0	0	0.999	0.001
72.trim.bt2.sam	169	0	1	240	0	1775	0	1	250	0	0.12389	0	0.004	0.996	0
73.trim.bt2.sam	212	0	1	1243	1	3684	0	1	1436	1	0.28075	0	0.001	0.999	0.001
74.trim.bt2.sam	140	0	2	959	0	756	0	2	1096	0	0.59223	0	0.002	0.998	0
75.trim.bt2.sam	283	0	3	5890	2	7111	0	3	11663	6	0.62141	0	0	0.999	0.001
76.trim.bt2.sam	218	0	2	1954	0	2856	0	2	2306	0	0.44694	0	0.001	0.999	0
77.trim.bt2.sam	272	4	2	4463	3	6976	5	2	8035	9	0.53577	0.001	0	0.998	0.001
78.trim.bt2.sam	270	0	2	4423	2	6039	0	4	7381	8	0.5504	0	0.001	0.998	0.001
79.trim.bt2.sam	256	0	0	1102	1	7565	0	0	1318	2	0.14856	0	0	0.998	0.002
8.trim.bt2.sam	193	0	3	453	0	3511	0	3	511	0	0.1277	0	0.006	0.994	0
80.trim.bt2.sam	263	0	5	4360	1	4742	0	6	6516	1	0.57905	0	0.001	0.999	0
82.trim.bt2.sam	228	0	1	2798	2	3689	0	1	3859	5	0.51165	0	0	0.998	0.001
84.trim.bt2.sam	220	0	2	6028	2	2590	0	2	13031	4	0.83426	0	0	1	0
85.trim.bt2.sam	325	1	3	10610	3	9167	1	21	53166	38	0.85308	0	0	0.999	0.001
86.trim.bt2.sam	216	3	1	3080	1	2279	3	1	4324	2	0.65517	0.001	0	0.999	0
87.trim.bt2.sam	93	0	0	262	1	360	0	0	288	1	0.4453	0	0	0.997	0.003
88.trim.bt2.sam	258	0	3	10542	5	4917	0	28	43090	33	0.89771	0	0.001	0.999	0.001
89.trim.bt2.sam	306	0	3	5572	2	9569	0	5	10228	9	0.51699	0	0	0.999	0.001
9-1.trim.bt2.sam	300	0	3	4531	1	8900	0	5	7488	2	0.45715	0	0.001	0.999	0
9-2.trim.bt2.sam	304	0	3	7538	2	8806	0	13	17098	9	0.66034	0	0.001	0.999	0.001
9-3.trim.bt2.sam	296	0	2	6688	2	7611	0	7	13376	8	0.63761	0	0.001	0.999	0.001
90.trim.bt2.sam	211	0	0	2196	2	3387	0	0	2808	2	0.45345	0	0	0.999	0.001
91.trim.bt2.sam	307	0	3	4592	2	9116	0	3	7972	8	0.46687	0	0	0.999	0.001
92.trim.bt2.sam	236	0	2	2942	1	3234	0	4	4151	3	0.5625	0	0.001	0.998	0.001
93.trim.bt2.sam	184	0	1	2550	2	1920	0	1	3669	2	0.65665	0	0	0.999	0.001
94.trim.bt2.sam	139	0	0	1113	0	358	0	0	1245	0	0.77667	0	0	1	0
95.trim.bt2.sam	127	1	0	167	1	606	1	0	177	1	0.22803	0.006	0	0.989	0.006
96.trim.bt2.sam	202	0	1	1994	1	2782	0	1	2682	1	0.49104	0	0	0.999	0
97.trim.bt2.sam	185	0	2	1565	2	2023	0	2	1935	3	0.48953	0	0.001	0.997	0.002
98.trim.bt2.sam	194	0	1	1933	1	1329	0	1	2337	1	0.63768	0	0	0.999	0
99.trim.bt2.sam	57	0	0	130	0	103	0	0	131	0	0.55983	0	0	1	0